8321
5437
2674
4981
1590
7732
9123
3246
4085
6729
8840
2759
6014
3170
4598
1876
3201
6573
1204
7481
9438
8397
4956
2762
5123
7054
3829
8142
6498
1287
5994
4583
9332
3875
7926
2401
1137
6720
8314
2946
7395
1642
8541
2190
7104
9427
3871
5198
8446
6283
2050
3914
7090
2708
6502
7854
8620
3746
1554
1048
4630
7284
1122
3820
5947
9280
7662
4186
2573
8961
3278
4611
8324
5180
2714
4952
6031
1498
7440
9307
1503
5778
6732
5201
8095
4519
7824
6380
4925
3171
8786
4297
1968
6607
7153
2486
3574
5020
8930
5864
1453
9056
6758
4789
1931
8403
6795
1826
7431
2318
5125
2678
8540
3419
7218
9603
5431
1950
3682
4063
9341
2184
8042
3561
6692
1925
7018
8217
2475
3468
6153
8904
3526
2157
9645
1260
7542
3846
2670
4857
3024
7768
5583
1937
8942
7368
4910
8795
6167
8024
4926
9320
3772
7051
5567
4659
8613
6298
2411
3470
8945
1154
3705
2490
6172
4633
2845
1480
7103
8625
3282
7189
9238
1672
3009
8521
4194
2067
1159
9708
2560
5243
3480
4706
1967
3409
9236
3845
5291
8610
6599
7081
4317
2742
7209
3844
4658
1172
9512
8504
4075
6619
4892
7379
2703
6285
8123
9509
1830
8954
5130
7271
2312
9200
5434
6175
4823
7620
3187
7088
9311
4690
5229
3489
6844
1385
2930
5194
6324
1729
9318
3950
4253
1973
8425
2631
4894
1785
3955
6439
1589
3046
4211
7660
9289
3467
2155
8526
4721
7269
7115
4830
6096
2722
9424
7520
1883
5921
5698
4742
7611
2326
9679
1124
2958
4918
7625
9323
5834
6785
4921
7941
2390
6481
9006
2746
3147
3053
4581
5238
1423
5710
7483
9595
3072
1261
8595
8325
7439
4092
4785
1010
9184
3074
5049
1463
7947
4171
1676
6704
2649
8268
8498
9782
6598
1201
2051
4874
6914
3431
8049
5269
7403
7399
8294
6120
9562
1591
8857
7843
2303
3273
1012
2148
4329
9253
7457
2078
8301
3964
1402
8995
8673
4850
2752
6833
9634
9187
6352
4782
5903
7528
1102
3613
7069
5388
7282
2247
9569
9728
1320
9830
5290
6484
1230
1665
6149
5031
5297
9182
7358
2995
2194
1478
3600
9112
5145
6520
2109
2415
4210
9574
4807
2070
5560
6519
6223
1406
4814
3763
8502
6854
5779
4512
9735
6275
6825
3216
4828
5915
1250
1854
7921
9159
1015
3057
7118
2179
9566
4853
2189
1674
6489
7885
3549
2291
3038
6440
2933
5791
1748
6251
9421
4077
7621
5142
4506
9295
7196
6198
2029
6447
7821
7332
7756
5836
1291
8718
7788
7935
6231
1649
3314
8944
2108
4518
7207
8524
6013
1035
3676
2769
6329
7036
9125
1299
4869
8355
6326
8748
5869
1853
7301
8247
3823
6572
1564
9097
5211
8259
4578
1234
3869
7300
1923
6824
2449
3357
8406
1985
5724
1157
4790
2065
3918
8187
5860
5438
7584
4421
6741
5563
4080
9156
6809
1270
1451
4939
5993
8192
8490
2024
7626
7212
1382
3540
3378
8792
1644
1900
2794
5093
7594
4259
7758
2839
6743
7723
1324
2414
6271
1220
1182
2033
7864
7013
9195
8732
6264
3545
9252
6736
1281
5546
9700
3803
6354
4734
2835
1791
9064
3375
4675
5103
3379
2671
9722
7828
3275
1898
2115
4781
6513
8834
7506
8853
4551
4736
7789
5244
9464
1842
1041
3041
4214
6725
3841
1982
9024
2842
1810
5808
8475
4361
9432
5389
2661
1811
6127
4920
9819
4288
3349
6278
3645
8525
4999
9826
3503
1016
7350
8092
1846
3765
6496
2234
3156
1401
3711
3530
7139
2254
4425
2034
2310
8875
2843
8369
5463
1266
7159
9508
2973
9110
9270
6591
6728
1625
2332
8143
3577
6984
5109
8450
1753
2992
3940
7733
9627
2571
7198
6384
4318
6558
3630
8141
1131
2709
3931
5571
1664
7598
4105
2755
7883
3098
8925
9619
7559
2783
1956
1797
1640
7460
1623
2076
3179
5742
6179
6235
7099
2809
1449
7831
8389
4955
1670
3782
4315
9350
6514
8600
3643
4591
7554
2645
6125
6350
